180 2
414 976
911 758
460 910
164 983
393 34
78 139
570 624
381 858
759 983
447 79
900 250
284 403
884 75
882 726
395 564
380 889
635 246
662 36
984 287
660 240
735 623
101 538
495 938
42 90
107 741
441 113
807 38
143 534
99 240
34 65
38 75
542 575
676 226
883 22
268 531
594 159
305 733
984 682
510 178
449 549
116 988
555 324
203 804
434 315
898 460
460 425
499 690
315 615
156 819
860 910
113 683
507 559
138 158
217 140
293 861
585 527
708 320
357 687
515 319
115 360
164 839
429 423
142 93
563 299
730 970
140 47
644 113
787 465
540 785
278 95
866 306
270 169
699 477
34 1
176 541
207 886
139 423
885 454
565 565
206 32
880 360
167 591
567 861
740 769
247 972
350 394
194 605
486 936
137 409
636 598
552 734
5 647
195 149
363 57
961 840
690 73
371 473
744 610
956 882
227 11
799 417
314 852
12 157
93 917
584 415
268 719
417 985
685 257
210 803
830 193
196 989
681 141
127 869
108 472
814 743
222 833
305 638
217 660
712 544
427 415
122 164
234 854
75 860
257 589
696 887
448 832
283 55
575 30
308 451