,RetentionTime Sample 2,Compounds,A,B,NormalisedToPhytane,% 2/3 After Normalisation
0,12.22,1_1-M-Adam,14631.0,23763.0,16259.404463701767,68.42319767580595
1,15.17,"2_1,2-DM-Adam",9497.0,12903.0,10553.999329627208,81.79492621581963
2,15.55,3_i-C13,10892.0,14144.0,12104.260366252454,85.57876390167176
3,15.46,4_2-M-Tetralin,33691.0,41435.0,37440.74880640942,90.36019984652931
4,15.37,"5_c-1,3,4-TM-Adam",6980.0,8799.0,7756.861674296926,88.15617313668514
5,16.66,6_C6_Benz,11214.0,13585.0,12462.098397645519,91.73425393923827
6,17.06,7_i-C14,24627.0,29544.0,27367.941612164814,92.63451669430279
7,16.63,8_2-E-Adam,8961.0,11100.0,9958.34347612819,89.71480609124495
8,18.6,9_BS1,24363.0,28287.0,27074.55887835186,95.71378682204497
9,18.97,10_C3-de peak,2994.0,3510.0,3327.2269130150426,94.7927895445881
10,18.97,11_BS2,22412.0,26834.0,24906.4160235448,92.81663569928001
11,19.22,12_C7_Benz,11882.0,13618.0,13204.445618051013,96.96317827912331
12,19.54,13_B,40797.0,47005.0,45337.63405820798,96.45279025254331
13,19.87,14_2-E-N,49696.0,58014.0,55227.077043819496,95.19611997762522
14,20.12,"15_2,6+2,7-DM-N",179836.0,207141.0,199851.429234794,96.48086532110688
15,21.48,16_Br-Alk 169-3,4155.0,4793.0,4617.444162851537,96.33724520866967
16,21.44,17_BS4,25879.0,30030.0,28759.287001308043,95.76852148287728
17,21.63,18_BS5,50712.0,56411.0,56356.15604970569,99.90277791513302
18,21.93,19_BS6,19268.0,22091.0,21412.494375408765,96.92858800148824
19,22.42,20_n-C15,18760.0,19969.0,20847.954872465667,104.40159683742634
20,23.29,21_BS8,16965.0,17886.0,18853.17454218443,105.40743901478493
21,23.44,22_BS9,12764.0,14553.0,14184.610660562459,97.46863643621562
22,23.6,23_m-C8-Tol,12541.0,14095.0,13936.791154349248,98.87755341858282
23,23.53,24_BS10,46189.0,50632.0,51329.75413669065,101.37808922557011
24,23.99,25_o-C8-Tol,4728.0,5663.0,5254.218051013734,92.78153012561778
25,25.56,26_Norpri,24112.0,28220.0,26795.623021582735,94.95259752509827
26,25.75,27_m-C9-Tol,12008.0,12949.0,13344.46919555265,103.05405201600625
27,26.03,28_C10_Benz,8088.0,9049.0,8988.180117724003,99.32788283483262
28,26.58,29_n-C17,369777.0,395475.0,410932.52712557226,103.90859779393698
29,26.7,30_Pri,119838.0,127089.0,133175.75778286462,104.78936633608306
30,25.65,31_n-C11-CyC6,51418.0,56759.0,57140.7326030085,100.67254990928048
31,28.51,32_n-C18,334376.0,372161.0,371591.45833878353,99.84696363637876
32,28.69,33_Phy,61160.0,67967.0,67967.0,100.0
33,29.32,34_4-M-Dbt,39328.0,41858.0,43705.13695225638,104.41286481020683
34,29.68,35_Br-Alk 225-3,3874.0,4005.0,4305.169359058208,107.49486539471181
35,30.35,36_n-C19,5771.0,6705.0,6413.302109221714,95.64954674454458
36,30.11,37_1-M-Dbt,10700.0,11895.0,11890.89110529758,99.96545695920622
37,30.18,38_2-M-Phe,149248.0,159678.0,165859.03884892084,103.87093954641269
38,30.61,39_FAME 16:0,,,,0.0001
39,30.61,40_1-M-Phe,80931.0,85740.0,89938.47738718116,104.89675459200043
40,31.53,41_C2-dbt_s,446362.0,486750.0,496041.30238718115,101.90884486639571
41,32.52,42_C2-phe_s,1932144.0,2077735.0,2147188.2153041204,103.34273693729568
42,33.76,43_FAME 18:0,,,,0.0001
43,34.93,44_2-M-Fl,8435.0,8941.0,9373.80060497057,104.84062862063045
44,35.3,45_C15-Benz,4397.0,5067.0,4886.378335513407,96.43533324478798
45,35.38,46_BaF,23533.0,26693.0,26152.1813440157,97.97393078341025
46,35.52,47_Retene,,,,0.0001
47,35.74,48_2-M-Py,61353.0,67209.0,68181.480559189,101.44694990133614
48,36.11,49_4-M-Py,68213.0,72192.0,75804.98644538915,105.00469088734091
49,36.21,50_1-M-Py,57900.0,63642.0,64344.167756703726,101.10330875318772
50,36.85,51_C23Tr,16812.0,18423.0,18683.145912361022,101.41207139098421
51,37.66,52_C24Tr,10721.0,11644.0,11914.228368214519,102.32075204581345
52,38.46,53_C17-Benz,2586.0,3011.0,2873.8172334859387,95.44394664516568
53,43.96,54_27bbR+S,14468.0,16089.0,16078.262851536952,99.93326404087856
54,44.66,55_27Ts,32001.0,33622.0,35562.654790712884,105.77197903370676
55,45.13,56_SC26 TA,,,,0.0001
56,45.14,57_27Tm,24025.0,27059.0,26698.940075212555,98.66935243435661
57,46.0,58_RC26TA+SC27 TA,21171.0,23224.0,23527.29491497711,101.30595468040435
58,46.25,59_29bbR+S,13416.0,14619.0,14909.177109221713,101.98493131692807
59,46.45,60_28ab,28121.0,30365.0,31250.817642249836,102.9172324790049
60,46.72,61_SC28 TA,,,,0.0001
61,46.78,62_29ab,85813.0,92777.0,95363.83536625246,102.78822915836086
62,47.63,63_30O,14731.0,15899.0,16370.53428711576,102.96581097626115
63,47.78,64_30ab,184207.0,201195.0,204708.91381621975,101.74652144249099
64,47.95,65_RC28 TA,10687.0,11853.0,11876.44422825376,100.1977915148381
65,48.93,66_31abS,56313.0,62061.0,62580.53745912361,100.83714000599991
66,49.24,67_30G,28514.0,32034.0,31687.557848266842,98.91851735114828
67,10.89,68_De,17040.0,31846.0,18936.521909744934,59.46279567212502
68,12.96,"69_1,3,5-TM-Adam",4995.0,7132.0,5550.934679529104,77.8313892250295
69,12.55,70_C1-de_s,154033.0,232498.0,171176.60089928057,73.62497780595126
70,14.05,71_2-M-Adam,7613.0,11042.0,8460.313456507522,76.61939373761567
71,13.99,72_Tetralin,33534.0,47213.0,37266.27498364944,78.9322326131562
72,14.34,"73_c-1,4-DM-Adam",9151.0,12749.0,10169.49014061478,79.76696321762319
73,14.56,74_N,278264.0,377219.0,309234.291824722,81.97739027586681
74,14.48,"75_tr-1,4-DM-Adam",8763.0,12295.0,9738.306425768476,79.20542029905228
75,14.68,"76_1,3,6-TM-Adam",6719.0,8736.0,7466.812835186396,85.47175864453293
76,14.11,77_C2-de_s,212041.0,292532.0,235640.7888652714,80.55214091630023
77,15.49,"78_tr-1,3,4-TM-Adam",7191.0,9098.0,7991.345601700458,87.83628931304087
78,15.6,"79_1,2,5,7-TeM-Adam ",4784.0,5889.0,5316.450752125572,90.27764904271646
79,17.93,80_1-M-N,387203.0,467769.0,430298.01015369524,91.98942429996329
80,18.98,81_m-C6-Tol,16487.0,18744.0,18321.973986265533,97.74847410512982
81,19.45,82_Br-Alk-169-1,7522.0,8938.0,8359.185317200785,93.52411408817169
82,19.36,83_ o-C6-Tol,4977.0,5859.0,5530.9313113145845,94.40060268500741
83,19.6,84_i-C15,17862.0,20521.0,19850.00905820798,96.73022298234969
84,20.47,"85_1,3+1,7-DM-N",242398.0,279046.0,269376.46935905825,96.53478973325483
85,20.54,"86_1,6-DM-N",208515.0,234904.0,231722.35129169392,98.6455536268833
86,20.6,87_BS3,31752.0,38489.0,35285.941530412034,91.67798989428677
87,20.13,88_C2-bt_s,84859.0,102967.0,94303.65685088292,91.58629157971284
88,21.1,89_ANY,,,,0.0001
89,21.36,90_m-C7-Tol,14940.0,17179.0,16602.795618051015,96.64587937627927
90,21.48,91_Br-Alk-169-2,4155.0,4793.0,4617.444162851537,96.33724520866967
91,21.26,"92_1,2 -DM-N",46252.0,51892.0,51399.76592544146,99.05142589501553
92,21.57,93_i-C16,30269.0,34472.0,33637.88624918247,97.58031518096563
93,21.73,94_ o-C7-Tol,5392.0,6021.0,5992.120078482669,99.52034676104748
94,22.5,95_ Diam,,,,0.0001
95,22.64,96_FAME 12:0,,,,0.0001
96,22.79,97_4-M-Diam,,,,0.0001
97,22.86,"98_1,3,7-TM-N",98222.0,111301.0,109153.93515369523,98.07093840459225
98,22.96,"99_1,3,6-TM-N",120919.0,138625.0,134377.07117396992,96.93566901638948
99,23.48,100_ n-C9-CyC6 ,50722.0,60630.0,56367.26903204709,92.96927104081657
100,28.15,101_ o-C9-Tol,3651.0,3740.0,4057.3498528449963,108.48529018302129
101,26.26,102_8H-A,,,,0.0001
102,26.54,103_1-M-F,39902.0,43426.0,44343.02213865271,102.11168916928271
103,26.56,104_8H-Phe,,,,0.0001
104,26.76,105_FAME 14:0,,,,0.0001
105,27.96,106_Br-alk-225-1 ,3908.0,4291.0,4342.953499018966,101.21075504588595
106,28.76,107_C2-f_s,402424.0,473437.0,447213.08057553956,94.46094846316184
107,29.58,108_Br-alk-225-2,1887.0,2133.0,2097.0197678221057,98.31316304838752
108,31.56,109_m-C11-Tol,5893.0,7074.0,6548.880493786789,92.57676694637813
109,30.0,110_C12-Benz,6029.0,6270.0,6700.017053629823,106.85832621419175
110,31.93,111_o-C11-Tol,3709.0,3885.0,4121.805150425114,106.09537066731312
111,30.08,112_FAME 16:1,,,,0.0001
112,30.34,113_2-M-A,31127.0,33767.0,34591.38013407456,102.44137807348761
113,31.75,114_1-E-Phe,13647.0,14832.0,15165.887001308045,102.25112595272414
114,32.63,"115_1,7 DM-Phe",98926.0,103714.0,109936.28911052976,105.9994688378905
115,33.13,116_C3-dbt_s,420505.0,452307.0,467306.4639470242,103.31621309133492
116,33.38,117_FAME 18:2,,,,0.0001
117,33.49,118_FAME 18:1 + 18:3,,,,0.0001
118,33.97,120_C21Tr,,,,0.0001
119,34.52,121_C3-phe_s,1825552.0,1914676.0,2028732.7139306737,105.95697203760184
120,36.89,122_C4-phe_s,912044.0,1073060.0,1013552.8866579464,94.45444678377224
121,36.81,123_FAME 20:1,,,,0.0001
122,36.89,124_Te-M-Phe,33371.0,32500.0,37085.13337148463,114.10810268149118
123,38.95,125_FAME 20:0,,,,0.0001
124,37.97,126_C2-fl_s,44700.0,47269.0,49675.031066056246,105.09008243469557
125,37.91,127_BNT,20553.0,22579.0,22840.512606278615,101.15821164036767
126,38.73,128_C20TA,2480.0,2704.0,2756.019620667103,101.92380253946386
127,39.31,129_C25Trab,4952.0,5317.0,5503.148855461086,103.50101289187673
128,40.09,130_C21 TA,5350.0,5780.0,5945.44555264879,102.86237980361228
129,40.5,131_Phy-Tol,2961.0,3373.0,3290.5540712884235,97.55570919918244
130,40.75,132_C1-chr_s,650198.0,730196.0,722563.8892413342,98.954786008323
131,41.82,133_27dbS,7106.0,7956.0,7896.8852517985615,99.25697903215888
132,42.28,134_27dbR,4172.0,4638.0,4636.336232831916,99.96412748667349
133,43.14,135_C28 (22S),5631.0,6513.0,6257.720356442119,96.0804599484434
134,43.32,136_C29 (22S),,,,0.0001
135,44.12,137_BePy,32582.0,35699.0,36208.319064748204,101.42670401061152
136,44.28,138_BaPy ,17653.0,20033.0,19617.747727272726,97.92715882430353
137,45.33,139_28bbR+S,11740.0,12824.0,13046.64126880314,101.73612966939442
138,45.68,140_28aaR,7175.0,7830.0,7973.564829954218,101.83352273249321
139,46.04,141_29aaS,11658.0,12899.0,12955.514813603662,100.4381332940822
140,46.45,142_25nor30ab,22521.0,24265.0,25027.547531066055,103.14258203612633
141,46.76,143_29aaR,9867.0,10902.0,10965.179676258993,100.57952372279391
142,46.86,144_29Ts,34721.0,34326.0,38585.38598757358,112.40862899135809
143,48.23,145_30ba,21271.0,22241.0,23638.424738391106,106.28310210148423
144,49.83,146_32abS,40687.0,45031.0,45215.39125245258,100.40947625514109
