2000 1277
768 1741 3327 2061
1863 2692 1805 718
139 300 3133 1568
1380 565 4147 3087
1695 1348 3963 1552
3558 3319 88 109
2112 868 1495 2357
2402 1353 903 1868
2986 2193 1728 1442
4277 2549 1680 1674
4377 5219 3081 1026
5120 3445 1473 2312
3019 3846 2898 1537
296 736 2242 5204
4119 2724 1782 1300
4794 2388 174 434
1192 1064 1805 2809
2939 4709 2825 2907
2255 2771 322 957
3079 2980 3247 2184
3487 1733 947 582
231 559 2934 1710
2282 4000 2289 1849
1318 1676 2740 2221
2382 5345 1541 884
4881 3038 1189 1767
284 303 4086 4243
1070 2967 3995 1840
1062 581 2261 2353
1272 1253 2770 2079
6298 3495 2770 1264
408 861 4993 2897
789 2073 2392 960
4262 4424 641 1006
1006 1190 3549 1335
1923 3702 2195 2013
2935 6128 1662 3304
2155 846 2572 1066
5748 2165 3302 1839
1574 1026 2488 3750
1644 3417 1030 1397
5370 3671 574 493
6329 2761 1152 466
1305 3412 627 976
4003 2506 3968 1435
1424 1854 1463 2519
2137 2769 1387 2670
2377 6825 76 228
1344 2301 1343 3404
2591 6189 1538 2052
3638 1732 2723 3021
2040 4385 2071 1609
919 2590 3043 2009
822 1610 3918 2305
327 565 4425 2210
4042 1385 2220 1047
4667 4360 3137 2159
1222 539 4444 2087
1445 3013 1085 796
2853 1742 166 326
2756 5797 1257 2727
2745 4095 4018 1853
1132 2695 2221 911
1691 1248 2171 3653
949 1320 2350 3124
1352 699 4232 2449
2354 2093 899 1231
5666 3838 293 102
4451 2577 69 22
716 328 2810 5390
1453 4187 237 332
934 459 3592 1339
3374 6176 46 111
1788 768 2488 1393
2879 5872 3561 1538
1643 2539 3695 2009
3567 6064 2655 1570
1935 2350 481 294
315 215 3679 3903
3909 3697 1226 2974
2261 1389 239 715
4979 3001 1937 3605
470 560 2982 2946
2626 5904 1161 2225
5224 2673 810 1264
2471 6096 1952 861
2072 5314 2064 1748
4586 3655 139 83
1379 2463 1111 817
440 1010 3867 2004
3178 3809 1654 690
313 536 3336 3411
4157 2492 1174 606
1403 875 3040 1020
2603 3874 4016 1442
2771 973 1836 3335
3466 3366 2179 1468
846 710 3123 1884
2943 2108 682 746
2284 2629 1333 1844
799 690 2438 5274
6191 3310 1464 4134
705 736 2725 3222
1763 3558 1403 3699
1894 4276 241 146
1091 731 4659 2234
3135 3049 773 2103
906 496 2483 2491
4766 2090 250 111
4841 1952 1787 3733
2247 5970 783 1192
384 129 3545 1945
4206 1738 803 328
1766 4609 1441 1984
2411 1597 1693 2265
2799 6854 1349 827
1763 3945 2216 2168
5186 1798 293 111
4048 5063 2396 2269
4194 1922 1130 621
3255 5303 58 82
5610 3158 3748 2043
302 387 2648 5324
1590 2069 600 861
2189 1738 978 526
312 222 5585 2074
1879 2930 1253 993
1443 2513 341 125
2994 1140 85 198
2587 3783 105 91
4140 3345 2779 1092
1816 3701 527 349
3571 2110 1493 694
771 1194 2515 4429
379 795 3226 2708
1503 2276 1796 2597
1660 4549 3226 2300
2864 3486 1934 3327
777 585 4672 1907
290 659 2647 2465
2832 1950 636 1271
2915 3592 1267 1043
488 712 3037 2341
2813 1320 232 397
1443 1172 2289 3191
303 233 4929 3660
268 397 3453 3823
5375 2906 2532 3021
4487 3358 217 143
4156 2031 931 755
1815 1554 3279 1454
2958 2113 368 562
1936 2086 797 530
483 1232 3495 2608
630 1193 1895 3863
298 740 2249 3249
2273 4175 897 1608
931 1124 4325 3094
488 366 3739 1623
1037 1269 2123 2111
1314 2260 1280 2830
2701 2251 14 25
4401 3158 320 264
514 969 2024 3037
206 573 1732 2686
639 345 2454 3654
609 1739 3208 2256
2298 1293 1732 2713
2683 4546 1184 758
1787 3435 751 1558
393 349 4635 2962
884 421 2014 3312
865 2384 2580 2402
2632 2455 693 277
3217 1919 1306 846
429 957 4901 2391
2613 3228 1508 854
1601 701 3153 3378
4103 2779 120 69
259 340 1683 3205
6105 2711 1013 907
4951 1989 1140 469
4321 2069 713 526
3815 3179 1827 1682
3754 1720 317 159
5379 3906 257 138
266 100 4568 2041
2012 4522 163 84
3506 1749 4263 1540
2604 2833 1005 2941
1034 3049 1292 437
3555 2422 717 315
1421 653 3434 3741
5015 1675 691 1809
245 731 2707 5554
3148 6675 4067 1739
1570 2526 1134 1093
2710 4197 743 1983
536 835 1355 3205
1211 765 3929 3069
1770 2179 2555 1960
1301 1082 3491 2138
2466 1397 1254 2001
5371 2384 1752 693
2361 859 2120 3150
3186 6185 649 644
299 250 2112 3290
3229 1326 217 636
1065 1898 2243 1448
536 1480 2437 4078
772 1445 2033 3839
3380 1430 1355 3417
1707 661 2290 3325
3147 4739 77 180
3031 1618 246 404
786 324 2710 5030
193 349 3208 3741
3812 5115 2476 839
2232 3996 623 1181
5126 4741 1392 2031
2394 6336 1153 868
2436 2358 2398 3141
1678 2466 800 640
3844 2800 2367 1281
1137 1572 2806 1822
832 1175 2627 3141
3130 2195 824 1832
309 318 1796 2669
753 2051 2433 1706
951 702 2139 1887
745 874 1379 2584
6982 2817 2013 3208
1305 3881 1442 800
5072 2818 2702 940
3558 2009 1081 1048
460 164 4526 3108
411 484 3369 4643
934 2068 4080 1506
1199 3310 2132 2495
3165 3849 3314 2461
2408 3047 2592 2537
2260 1888 1377 4050
2166 3937 1097 3071
1517 3530 590 714
3153 1305 3198 1827
1639 2533 863 2172
2580 975 1752 3217
1203 2099 1306 3897
1147 1561 1381 3716
6988 2626 1710 2597
1907 3926 2021 844
1640 2007 1298 1828
745 2225 2323 2512
766 1935 2036 1708
2747 5553 1131 1132
3311 3035 1367 2566
478 171 1444 3430
2632 4220 411 1220
3893 2889 356 207
2245 3574 1562 4048
4112 3836 980 358
4485 1805 485 1178
1231 1192 4850 1848
1570 1976 2821 1096
3813 5082 96 78
4803 2921 1755 3832
4562 2027 2663 3079
6721 2460 989 640
1277 1654 3079 3081
3383 5312 1109 497
3200 2819 1214 1264
4877 2974 251 104
1031 685 2239 3260
2680 7222 1806 3940
6150 3414 2524 3079
4266 2531 1372 1039
4097 4822 2743 2552
2974 4270 356 913
812 1175 2155 5266
157 233 2569 2606
584 299 2337 3191
2438 1125 1533 2373
1562 1643 2898 2047
2207 1671 2174 2730
4598 5289 1313 3770
1018 2395 1520 1713
1268 554 1102 3009
2836 6162 317 359
3448 2312 2198 2359
830 723 1855 3845
2510 2499 2079 3554
4703 3276 3296 1709
1625 877 1716 2617
5775 2522 796 558
1180 893 2739 1218
2572 4085 1568 2921
4610 4940 967 2307
1874 2778 2562 3035
2299 2849 1261 2304
3895 5331 1142 643
4784 4889 2056 1764
2750 3499 680 1673
2774 6165 2893 2214
776 1945 3846 1419
2744 4113 1464 2356
1434 1668 1841 1902
6461 3316 4060 1456
2502 1160 3535 1720
5581 3490 2690 2265
4705 2414 1614 960
3580 2831 1384 1506
328 823 2611 2825
2575 1164 2373 2150
2683 4298 1925 1502
725 1101 2163 2764
3174 6223 3426 1960
2560 1804 2599 975
4069 1510 485 780
1246 1458 2148 1712
4377 1553 28 22
1444 3228 3373 2041
3235 5502 2673 1529
2842 2170 56 51
2683 1909 1228 1280
3797 4815 1680 713
6121 3573 466 282
1517 3581 1903 1045
5039 3524 94 256
471 1208 3616 4195
2238 3300 2745 2410
4777 2816 722 1000
2082 3617 3059 2190
773 352 3263 3645
4987 3791 275 709
1485 1005 2818 2388
1758 4438 806 2072
3855 3733 538 877
4189 3405 1577 1936
4901 2549 1844 797
5207 4461 2972 1256
5000 4181 1348 1514
2603 5380 470 400
1422 724 2298 2991
1826 1073 3431 2561
849 1138 3126 1664
2198 1000 3650 1677
1200 2522 1388 513
2089 4653 2277 2064
2984 1845 1192 411
604 438 1589 2652
2388 4769 545 1494
3801 1592 2910 2254
5092 3297 1246 2115
2527 3203 975 431
2618 1052 2568 2029
2470 2339 1489 551
2146 3180 656 601
1258 3042 1733 2402
4145 3283 1715 1966
1847 4037 1504 2269
1493 3649 2187 1448
5190 2041 32 29
1705 3875 2821 1863
1720 4850 1079 2503
2243 1492 1031 1500
2033 2779 1605 1820
3699 2262 3140 2545
5543 2295 2021 1573
4060 2428 2288 3382
5260 4635 847 1507
2297 2174 1121 2004
346 560 3175 3030
3194 1277 242 602
6354 2226 581 253
6588 2421 2367 832
687 752 1356 3378
1758 1540 3383 1338
1365 500 1782 2610
3571 2923 321 131
4657 2107 1771 1206
1716 2319 1050 672
542 638 3822 3685
6263 2430 363 762
3641 4121 2195 2991
692 421 2518 1841
1772 1862 1059 1117
1737 1081 1800 4254
4336 4335 1592 1260
2798 6952 867 1505
3142 2657 1231 2875
2565 4052 2266 2440
1218 1128 4609 1653
4014 2126 1593 3454
3074 3296 1759 3378
956 2413 3080 2747
4922 3304 959 804
1768 602 2074 4924
2415 2788 3363 1437
870 1173 1452 2607
4565 3511 278 516
2474 4364 301 690
6173 3205 709 1544
2693 5040 858 1808
1306 724 1980 3263
2167 5835 1048 1555
2629 1175 976 1760
5829 3685 797 1942
4772 1735 623 432
1585 1918 3217 1137
1168 399 3657 2427
2268 791 1728 4116
802 1730 2302 2549
6999 2527 1403 3202
3148 2202 1001 2605
5066 2300 1775 1735
4361 2294 2896 2959
1248 838 3003 3448
376 302 2575 2264
273 252 2253 3447
2612 2454 989 927
1017 452 1701 3462
438 936 2803 3971
512 474 3996 2636
2630 5204 1554 3021
3897 3430 812 314
587 969 2202 3947
3950 1395 2008 2316
6359 2132 547 293
1790 690 1929 3206
696 1732 2887 2729
1163 467 2080 2250
3152 2937 3598 2206
1468 4277 724 570
1602 4604 1107 1455
3979 5871 1539 1296
3377 2488 1267 3349
2549 4933 901 1052
4089 4491 770 590
3205 5418 2076 2942
1306 3494 1624 1881
1413 1134 3390 2623
247 711 3036 5328
2254 4627 1085 375
3701 3676 1037 515
4507 2409 410 729
1569 2165 1983 1420
1029 609 3000 3167
688 887 2650 2315
2393 4229 3921 1498
2185 926 1171 3474
2878 1581 1644 3691
2441 6721 2665 1096
3942 2947 33 75
1947 1161 1359 1864
335 602 3580 2417
1775 1650 1064 2793
740 1664 2538 3795
1798 2225 2730 941
2558 4927 3282 2103
3320 2224 3067 1087
848 1548 1602 2217
2520 5437 371 970
2552 7288 199 529
3110 1436 498 227
4429 4689 2050 2611
3574 5669 3047 2612
4120 4871 596 425
1474 2164 1992 1961
2819 1588 2275 1046
1675 2367 450 1327
3483 1971 2141 3145
729 2150 2842 1889
2442 6106 1085 721
1604 1812 2700 2993
629 298 1974 3934
1635 3775 3357 1350
2319 2821 680 330
2467 2070 1507 1356
850 2072 3050 1557
872 1912 1851 3256
4092 1580 1387 3818
3481 2345 3211 1576
1395 1072 2109 1514
5013 2775 475 362
4933 3721 2587 2954
3435 1211 1390 1385
3192 4898 1980 3485
3680 3571 1548 873
5149 4832 3428 1812
3825 4104 1950 937
5288 4579 1050 1054
153 395 3125 1493
2869 1408 2748 2330
2440 2708 3080 2348
506 1116 2004 1941
2593 2333 977 1331
639 247 5724 2038
300 114 3463 2216
5665 3265 162 334
1444 2638 1657 3032
3226 6411 6 4
549 291 2330 5216
2821 5731 1765 2651
3626 2678 614 957
244 425 3361 2388
2591 3063 1324 3891
1099 505 1605 2896
4563 3674 982 2737
5465 2005 1767 1421
590 946 3442 2905
849 357 1587 3971
1259 1346 4383 1486
2468 2016 503 1055
1075 1200 1617 2581
1145 791 2962 2499
2493 7173 2486 2533
1298 1273 2105 2584
3553 2849 66 150
2531 871 2194 2756
487 1037 2460 1565
1857 3511 2857 2857
780 656 4032 2080
4971 2039 2077 1585
1039 965 3549 1257
4860 4734 166 293
4556 4485 546 839
1891 1645 2694 1952
1068 1683 1212 2826
2839 4820 551 823
5685 3578 512 806
5102 2122 1682 2052
1289 737 4694 2276
283 742 3268 2377
1271 1597 3416 1796
351 301 4281 3536
316 612 3111 3985
1900 1120 1675 3933
3038 5830 1087 597
2233 4540 3442 1808
3771 4525 3054 2231
330 595 2724 2664
1835 1297 2762 2723
2258 2295 1589 3201
1265 1101 1184 2510
2137 4091 2920 2621
2380 4059 3553 1690
1740 866 3982 1809
2700 5100 2112 3140
4003 2696 594 822
6528 2942 7 8
797 785 2319 3244
4287 3113 1763 608
903 381 2951 2154
4832 3860 1575 2539
2460 6393 1716 2770
6791 2551 1907 950
223 480 5462 2942
4064 5436 930 2021
1753 1910 1252 3127
6068 2279 3082 2776
1362 2196 2415 3342
4593 3619 1195 1355
2733 3386 1135 2037
3915 1878 1976 3675
962 716 3312 3227
633 543 2309 2739
5650 3469 945 2097
3037 4275 70 44
5451 2807 421 1171
3204 3047 139 231
1164 1223 2484 1722
2288 5990 341 328
2315 4322 2267 1078
4454 4486 1023 1617
6768 2437 278 208
3274 1512 3705 1238
657 1563 2952 3823
243 201 1807 4136
1680 2994 378 421
1556 1318 2963 1670
3585 5734 431 277
2702 7240 1370 3400
3829 3875 2590 2016
279 840 3974 1781
419 792 3650 2289
4450 2696 407 331
4808 1860 1172 1256
3895 3953 1231 3091
1294 2843 3342 2110
3366 1173 2617 1679
2176 4361 3371 1265
852 1044 3375 1843
4145 2844 1298 1080
4671 3129 92 71
3365 2026 3566 1806
6551 2228 1297 1575
3607 1449 358 1015
3351 3088 2993 1394
3764 2672 3736 1935
1978 908 3174 2171
509 331 2932 2481
1823 995 1427 4000
938 786 3004 1835
523 1441 3355 2882
5820 3223 1387 1613
769 1240 2042 3264
2894 2615 163 107
3380 4772 1653 2128
2559 5120 1544 2137
1076 658 2107 5311
2866 1171 2999 2863
3466 4495 379 305
2849 4095 2123 911
1065 2750 592 1300
6391 3279 495 948
2728 1563 671 1283
1529 3914 2290 3114
3274 5137 1160 1818
903 2234 3126 1876
1715 3297 1837 3700
389 742 1586 3506
747 524 5582 2532
2461 4227 1345 2521
4122 4859 3019 1618
123 253 3338 4663
634 1363 1578 2836
4638 2682 1897 1366
4200 2751 2545 1228
866 584 3767 1462
2969 4946 2960 1424
1407 1681 2146 2667
6939 2445 3270 1632
2535 6294 2749 2743
2066 1324 1439 4021
2719 6318 3166 1935
2791 5204 610 879
2745 5061 767 789
4116 3839 718 481
597 243 1583 3550
2789 2324 3910 1776
2823 4090 752 637
3833 4912 1402 2303
2692 2822 3050 2234
4721 1871 1087 1041
4470 5167 1362 1971
1649 2074 1553 2828
2844 3590 1840 1527
1801 2005 1245 2472
3083 2082 1601 1734
3051 5656 995 1880
1163 3136 40 56
807 629 2008 3391
2581 2644 1465 4003
2766 3556 98 106
1543 1048 2577 3122
3662 2303 2082 990
5253 2523 817 1753
641 472 5433 2305
4129 2386 655 340
915 505 4856 2034
6996 2954 1369 2575
1102 748 1613 3301
3060 1402 4214 1652
2124 5535 565 218
5756 3841 1220 3128
3605 5201 1365 3146
6246 3030 187 495
1670 1022 3179 1345
466 1079 3014 1016
2424 3178 348 129
2524 6546 1819 1787
4201 1975 1007 405
1895 1223 2119 3956
2622 2125 2554 1323
3138 1142 446 180
2826 3002 2773 2335
3614 5207 1063 1176
3601 3510 944 1030
1276 2476 1438 3725
563 602 4435 3723
1677 577 2316 4737
5461 3961 2846 1592
4244 2106 632 441
830 528 3113 1268
1633 3642 745 390
6701 3288 215 544
3704 1369 272 171
3273 3836 1013 507
5713 3544 165 133
540 540 5085 2125
1770 1857 1430 966
2188 3006 731 811
1115 2940 2986 1156
1259 2130 1111 2832
2087 3671 1625 1894
2487 2195 1435 1862
975 859 1650 3389
5292 3162 3053 1189
3799 1771 2105 1379
1779 1183 1553 3110
3686 2876 1756 3868
976 2008 1760 3891
221 227 5380 2742
2060 4433 1905 2027
2452 1738 3902 1604
484 901 3644 2787
4041 5666 4223 1450
2816 3531 71 102
1108 2675 1779 1296
2325 1463 1948 1646
4036 2146 890 333
271 255 4112 3807
2651 5068 1857 1470
283 561 3281 5248
533 890 4144 3631
1685 1288 2404 2983
3659 5157 438 993
351 305 3244 5443
733 1787 3446 1227
2345 2325 2969 1391
3731 2732 261 346
403 956 1766 2602
279 144 2988 2409
1904 4022 1035 1199
4169 3224 867 1307
500 527 3244 4596
2570 1925 78 120
1006 1894 4381 1497
3593 5683 1673 1977
4037 4805 2268 3100
1811 1725 2283 3035
788 1825 2708 1359
5509 2470 1773 1507
849 613 2139 4283
1636 3085 446 1120
1415 3675 884 2542
2991 2962 509 935
5725 2778 335 763
1540 2054 3036 2256
933 684 2714 1262
2945 1977 1070 2087
5496 3537 697 602
5729 2098 1636 3318
2230 1251 1503 3372
3685 6149 3095 2051
6192 3209 1382 1266
2624 1657 1117 1644
3041 2309 71 190
376 1111 4291 3155
5569 2337 1424 2991
4529 3555 2944 1096
1013 935 2418 2683
2812 4367 2613 996
1805 2807 2955 1446
6790 2313 1077 2397
3679 1645 1059 1627
5071 1728 2715 2589
613 585 4989 2711
4507 3861 3335 2538
1129 741 3349 1541
776 1050 2794 2136
3040 5519 1898 927
1912 1483 1853 3379
5293 2394 2411 848
1478 1929 2828 1408
297 585 2258 5221
3030 2049 3279 1296
1288 865 3632 1435
5301 2219 963 494
1440 1873 2463 2876
4982 1810 3522 2288
1806 1530 3382 1604
246 137 4487 2822
3025 5379 2783 2780
3657 5619 3607 1585
1785 1969 2167 769
2068 789 3772 2209
4398 3887 1400 4056
4774 4388 1930 3579
751 298 3096 1303
1262 2833 1137 2807
1027 2441 3689 1486
430 550 3798 1445
2263 1198 1866 2654
5214 4271 1310 3662
1531 3254 157 141
120 252 2891 4982
5203 4368 3013 1545
1675 3656 142 59
2210 2400 1475 2368
3342 5711 884 2395
4091 3726 2645 1310
444 219 2078 3543
878 848 4379 1719
3697 1333 2037 2298
2817 5037 2174 1675
3111 2574 1836 1136
1942 5643 2123 2804
2043 1767 1310 2411
251 377 3398 1212
4209 4735 1320 2507
1466 592 2095 2275
919 979 4170 3350
2939 3136 1907 2446
4803 3567 2994 2553
1923 3577 1111 2345
1374 1174 2908 2386
2057 1631 1456 746
3214 1184 1292 3408
682 1942 2161 1694
2829 3178 1221 647
1291 969 4300 2329
2218 2830 2425 1861
3759 2437 3322 1926
3756 4625 3949 1605
1415 1822 1969 2772
1981 1995 357 376
5848 2938 1280 2165
2924 1741 3792 1902
490 333 1692 3415
659 274 2676 2816
785 2088 1610 2785
6060 3139 396 516
4212 4707 1535 1234
726 1026 3219 4283
2471 1813 2059 3110
4032 4068 1442 2472
3688 2699 1334 1633
1438 637 2397 4180
193 580 2348 4299
1686 758 1892 3922
2023 3362 2827 1337
1588 666 1489 3368
1016 410 3089 4360
1687 1769 3825 1607
3747 5061 1284 682
831 2089 1864 4016
2786 3778 47 15
3245 2903 2061 2869
1958 4802 391 568
1169 660 4665 2832
807 284 2882 5067
263 791 1818 2650
2213 6544 1451 2667
5945 3761 257 658
3794 2389 2538 1439
657 1361 3258 3500
5140 3393 238 679
561 635 2817 3069
383 312 3174 3393
2082 1433 3762 1764
1480 3306 1249 1291
961 2099 3788 1548
2321 1491 3199 1427
4087 4530 828 1059
405 945 1467 3145
300 105 2893 3821
2123 2956 2666 1958
4185 2062 1073 905
1895 2637 2242 2074
2709 3677 561 1035
2995 3888 910 809
3439 4258 2046 3194
844 674 2358 2883
1262 420 2705 2170
191 384 3543 4193
1741 773 1613 3088
1315 2928 2706 946
2340 1967 1549 1408
905 1294 3779 1555
1160 2990 2754 1460
4199 4840 1710 2123
3341 1275 1012 834
1782 3193 1430 1729
6371 2536 457 468
1061 1280 1574 2104
1743 1732 876 2572
367 169 2295 3335
1330 1518 1899 1502
4470 3946 1208 1583
2157 915 1899 3962
2256 4267 48 98
1916 5149 666 1516
3918 2874 1162 583
2067 5115 1053 1405
6747 2700 1831 2082
5670 3730 1330 1732
2288 2399 381 295
3697 6247 2522 2222
944 2609 2583 1369
1053 1574 3866 2597
594 1479 3559 1368
353 491 5851 2762
5905 3156 1835 1130
3546 2288 599 504
5112 1705 2052 1275
2750 1668 2136 924
253 167 2803 3722
2824 2635 2868 2371
2111 977 3789 2612
2051 3411 2703 1020
2727 2725 1354 776
2173 761 1691 1882
224 402 2114 5457
2493 6326 1568 3005
1752 1527 3018 2251
1141 997 2234 4379
675 770 3743 4081
1099 1369 2383 1649
2820 3382 8 20
5378 2886 1085 2027
2803 2501 13 7
406 782 4705 3425
3239 2901 3079 2589
560 278 4371 3144
6858 2329 45 18
1848 2982 1750 3444
970 521 2221 2951
1997 5517 2784 2936
1535 1870 3693 1522
4935 2289 963 509
391 163 3564 5320
1101 511 2176 1778
3016 5070 2088 2292
2240 3961 2070 2639
2963 3727 103 252
2303 4340 2402 1417
4208 3779 418 147
307 269 2691 4764
1120 664 1921 1989
2053 3174 1128 448
2654 1160 2419 836
3197 1649 1454 967
215 270 4033 2516
2122 3760 1475 3176
6807 2379 247 571
3453 4565 459 738
2259 2128 772 1622
5009 2777 1104 1685
1234 1582 1887 2450
3113 4644 639 285
2843 1276 2176 2806
1664 1079 3306 2414
2616 1800 153 196
1363 806 2621 2037
3784 2658 2059 995
4176 5334 1624 1215
5801 3796 2351 2359
1392 806 2016 2681
3374 1684 136 250
1624 1730 2164 3100
3464 3140 3891 1985
3017 4382 1091 2648
1730 1539 1977 2391
5898 2320 1467 2804
2690 6414 2263 1130
2601 5719 311 474
419 218 4019 2038
2631 4488 385 1002
1011 1798 1200 2552
1245 800 3912 3221
2126 1060 2137 1198
4678 1929 437 996
1767 1075 4158 1568
430 414 3567 1609
1054 2014 1727 4178
350 371 2804 1757
2702 5432 201 258
408 557 2983 3776
275 354 2345 3716
2303 4695 2441 1065
4891 1676 2537 1258
2093 1987 3772 1747
2618 4741 2237 1512
3310 3856 7 2
489 1292 2498 3040
2872 1635 1117 3097
5178 2631 2068 3803
1948 5481 739 1734
1280 3434 1137 1195
2367 6852 142 224
924 2052 1149 2429
734 1353 2086 3687
5246 4432 467 443
5482 2021 2806 1250
260 217 2014 5854
617 742 1730 4822
716 1112 3468 2434
1997 4060 951 726
583 540 5070 2135
2269 3016 379 197
455 270 1314 3437
1652 4179 3395 1368
821 293 1580 3263
5090 4826 1729 1358
2365 5193 1741 666
2438 1235 1006 643
1905 1357 1700 3735
3386 1902 2285 2098
3577 1636 2738 1526
2504 1870 1159 1266
931 2700 1278 434
1650 1326 3910 1596
4468 2541 2491 2168
659 340 2837 3668
1828 656 4230 2278
3737 1622 2151 2065
3863 2957 2139 842
2114 3187 2615 1552
1125 1032 1572 2515
324 716 4859 1636
844 1411 2071 4969
2140 2907 757 1689
3864 3167 3351 2485
974 376 3286 1574
2903 4662 639 377
1073 437 2876 1751
1353 2729 1224 3109
296 714 6060 2144
5747 2346 680 1221
768 971 3598 2245
3109 4990 3127 2646
4143 4155 925 408
588 335 2420 3070
3376 3541 1131 1111
4417 3276 1994 831
4303 4746 450 200
3253 1299 156 364
3212 1444 3136 2606
2621 5164 3452 1641
332 435 3474 4233
1388 1650 2420 3460
5730 2549 1527 2796
4302 4011 444 243
594 708 2058 4583
1030 2245 1878 2494
2009 3994 1935 2452
5389 2278 1936 2093
234 205 1424 3980
833 537 1801 4948
348 510 3858 1990
362 978 2539 4482
2887 1244 654 1427
746 779 4133 1574
6180 2847 1853 1431
1010 853 4024 1900
2165 3260 1901 652
4557 1525 128 76
3097 2832 834 1405
1158 639 2368 2427
532 871 4062 3929
500 630 2641 3035
2196 2713 1263 2817
1484 1326 2780 3205
1933 4549 766 2049
289 682 3242 3756
770 584 3717 2100
425 238 3356 3523
777 1595 2196 1665
2448 6693 2515 1193
556 207 5853 2544
778 421 2714 2383
3072 1314 1171 3465
3407 2572 3295 1518
1080 806 3105 2043
4490 3514 2537 1631
1081 465 2265 2839
2408 915 1510 1944
1648 3124 849 1984
4253 1482 1893 2693
1805 2259 898 1231
5884 2592 3021 1264
7212 2663 2548 2931
1395 613 2517 2550
890 2035 3534 2547
1251 1082 2234 2402
1364 486 3356 1197
1009 1712 1146 2458
3113 3401 2872 1134
2903 5445 2863 1936
2342 4234 1769 4005
1443 3842 861 710
4857 2040 2748 2868
270 102 3880 4893
2224 3645 2998 1843
2442 3145 2376 2222
1843 3811 514 1082
1253 1275 2707 4118
4010 1569 1057 707
858 556 3220 4191
1197 2862 860 600
2538 2029 1402 2533
499 432 2646 5109
5617 2839 3482 1593
1648 4618 1522 1897
4573 4585 2992 2857
936 1274 2465 1497
2609 5245 431 735
1678 3954 74 58
5042 2732 933 1457
2879 1041 2283 1798
2071 1784 3073 1628
2628 5565 812 1577
319 168 3316 4634
3774 5039 1984 2861
1118 840 3585 2345
3654 5141 802 1596
3638 3386 2900 2093
5372 3232 1894 705
2451 6836 781 535
2313 2069 1349 830
3546 3294 863 1111
909 2072 3519 2149
2903 5409 1325 1483
2662 7236 2160 871
1595 1948 2314 2261
690 301 3146 4671
1139 781 2242 4043
4197 4706 1095 1057
2478 5498 951 462
5267 4203 3376 1925
2961 3289 708 1830
2159 3568 2022 1254
500 564 4867 2564
3058 6840 2349 1599
389 477 1995 2685
4243 1746 2161 1491
2879 2512 2106 2626
5241 2343 1085 2461
3202 1357 3228 2279
5115 4647 3453 1458
4950 2884 672 524
551 752 4614 2972
3844 2938 3049 2008
2667 1024 2031 1001
1238 490 2471 4202
1634 3325 3002 2071
6332 2367 3482 1764
3777 4325 295 862
582 1046 2359 4995
2138 1651 1274 3771
2326 3614 472 858
4625 4269 1719 683
856 510 3027 1333
3001 4588 832 1280
5002 3036 871 1027
3145 3371 955 1675
1101 1272 1232 2879
2575 1641 549 1538
2710 6871 1201 2215
2460 1256 2524 1283
5295 3757 108 38
3075 3211 494 748
2243 3352 868 699
2992 5302 1589 765
2333 3384 1655 1210
4033 4282 1582 1551
2582 5249 644 1238
4174 3095 3472 1165
1130 2035 1841 3677
785 1436 1962 3449
827 2108 1690 3472
3378 1718 2455 1215
3631 3811 2124 2089
3637 5449 2020 837
3478 2998 1584 1892
4721 3514 1681 1002
5029 4462 1328 920
7002 2848 590 1500
5054 2004 146 336
273 93 4243 2487
4912 2782 118 190
1835 4389 2447 2317
1798 2565 920 2031
1680 4132 592 1305
1154 522 4873 1830
940 387 1764 3526
2174 4295 3520 1806
4320 1945 995 517
3009 5374 169 169
4069 2692 2433 2079
2344 1795 405 358
3450 1988 459 1151
2284 3639 216 121
458 478 4188 1703
4253 1769 1481 1255
2847 1458 32 53
694 241 2945 2093
2100 5453 4067 1619
4677 2742 857 2252
4043 4359 20 28
1346 1647 2548 2467
2394 3886 2437 2928
3282 2581 2140 1451
5626 3637 24 40
1682 2246 1585 3118
4597 2115 3153 2120
4935 4263 1010 2725
1787 3119 2216 3379
3032 2377 332 629
2047 936 1857 3571
2449 4903 505 1345
1182 3545 1185 1981
2301 3512 2210 3302
4377 5338 697 680
4857 3446 1190 1317
522 223 2824 4221
399 463 1258 3487
4452 2989 3881 1306
1686 762 4497 1564
3486 1559 1282 2340
4138 5581 2086 850
4574 2170 406 151
1086 2513 3124 1303
1032 1474 2743 1508
3902 2031 590 1015
1796 1158 3743 1522
2702 5293 613 1457
3120 3043 225 84
558 612 3537 3916
1269 1910 1842 2652
885 2504 2900 1649
3774 1811 1013 844
2097 4525 2583 3120
2060 2722 126 111
1854 1478 2255 3154
1503 893 1413 3067
635 507 2211 5952
3032 3177 1506 2634
2374 1170 2447 2879
1466 1475 1131 2915
3332 1795 304 567
1726 1322 2039 2068
999 715 3089 1565
7079 2672 1400 2440
206 290 2110 5736
2710 2659 449 744
5621 2704 1088 572
3645 2081 1193 2720
5761 2477 292 821
1324 2552 272 624
539 886 5779 2286
3431 1395 51 39
3467 2253 871 2363
1741 3104 1743 2632
1335 1372 2756 1163
3822 4173 444 973
1587 1969 2043 1678
362 975 4042 2804
3707 1649 1853 761
3086 1836 2823 1232
330 393 5510 2151
888 1040 1931 2020
2450 2033 834 972
1010 519 3347 2743
1668 1208 1438 3320
316 385 2601 2767
1494 2310 4031 1380
161 351 2244 5751
685 961 4954 1715
4794 4257 1894 1925
752 782 2050 5416
3268 1098 9 17
1465 1733 2532 1872
5080 4124 1083 1216
283 471 2630 3862
2474 5562 1570 759
301 760 4931 2110
1247 1763 2158 1167
191 337 3819 3851
1318 2469 2566 1180
1160 943 4931 2077
2334 3955 1706 1245
4227 2737 559 1536
1664 1754 2443 1280
5017 4801 1502 854
2111 6305 820 1920
2671 5242 1040 3076
2064 1102 2133 2169
702 280 1671 4781
5344 2555 3040 2694
3420 1976 1534 1272
3203 3679 598 1178
6124 3219 2015 709
445 677 2823 2928
311 346 3485 2874
430 364 2522 5498
3706 2468 1186 3468
894 1766 1209 3166
892 2444 3592 1260
258 200 2654 3612
4625 2399 25 34
1132 608 5390 2068
1443 1246 1158 3471
2367 3602 526 820
1084 1821 2825 2789
4321 5537 493 219
581 1060 2641 1408
3910 3266 40 62
2244 992 3043 1290
842 922 2549 3891
613 759 2650 4190
2850 4814 250 723
2071 1672 1100 793
4929 1957 1893 871
1463 2797 2152 1441
702 835 2736 4698
741 1257 2716 2908
4318 2090 227 407
959 1238 2081 5013
907 2642 1481 3268
5542 2391 557 670
974 1590 1984 3341
1805 1683 2572 2694
2251 2121 344 282
229 163 4409 2327
5341 3355 436 419
6558 3185 2548 1094
4141 2277 1476 1785
5196 2172 1307 2076
2217 3399 2337 957
2779 2355 719 1621
990 411 3639 3620
2369 6544 742 957
3969 5087 63 26
1259 3157 623 1286
235 159 1413 3146
1300 2531 1222 1263
2849 4534 1910 1111
4756 4575 2442 1637
1701 1744 1793 3818
4194 4495 1858 1535
4105 1520 3478 1248
6672 3109 3196 1581
3971 2037 2736 1337
2902 4332 305 306
2916 5936 1348 1726
5791 3833 559 616
1634 2042 1032 3064
793 1176 3517 1894
3073 5505 2045 1236
6124 2299 1184 1072
3064 1901 327 354
4272 3897 3075 1449
2254 1380 802 1937
2710 1543 3403 1241
1624 649 2376 1696
741 702 4792 2877
1075 2325 2007 1137
951 795 3019 4486
4595 2508 428 518
973 507 3344 2304
1254 1319 2758 2522
1183 1835 1421 2011
315 285 2911 3522
632 1584 2915 2916
1883 3705 1397 2516
996 749 2680 2050
271 314 3354 2029
3707 4692 129 271
2048 6003 776 1814
4890 3150 499 1322
1395 867 2993 4109
3514 2838 2527 1767
2691 3387 1069 957
2044 5996 1015 522
490 178 2973 1626
2123 1049 1479 3293
2151 4507 505 1221
4716 4578 708 2122
760 403 4612 2132
3363 5566 977 2643
2792 1830 2477 2977
6659 2731 3103 2086
2245 6518 594 579
2301 3094 1910 3957
908 1104 3065 4107
1736 2363 788 2135
5208 2934 161 437
2459 3567 2310 1436
1968 2066 2874 1619
606 722 4338 2164
842 1479 3295 1961
1810 1447 846 2303
1995 2915 2892 1873
1580 1713 3225 2513
1356 1649 3177 2311
2915 5700 1629 2591
4946 4611 977 2345
2011 4550 1032 3071
1732 973 1784 1864
1225 1318 2339 1556
6654 3250 2525 1675
2130 5923 2156 730
622 744 5313 2766
5789 3342 1165 2060
3049 6881 44 43
5052 2984 1947 1389
979 950 2493 1923
2217 3383 1575 1957
4510 1866 1589 3026
4315 5027 975 546
734 594 5123 2232
4712 4036 206 279
2005 2136 843 891
2444 1885 186 67
1146 575 4787 2082
2810 2929 2621 2413
1551 971 3060 3423
676 1673 2001 4141
353 859 2882 2831
2126 4668 1798 2237
1922 4642 1166 494
5895 2884 1515 1091
4017 5135 795 1834
3793 3247 2282 1184
3741 3572 423 720
1777 2770 447 1164
2410 2172 1758 1009
1048 3000 1207 430
794 1023 1993 2595
4758 2743 2008 2386
2494 887 2127 3921
4238 5028 3652 1925
924 2075 1408 2038
3439 6515 2489 1137
1450 1201 3598 2227
3446 3861 465 1328
903 897 5502 2033
4965 2649 3095 2610
2445 2049 1663 1434
734 508 4086 3790
2828 2963 1631 3605
684 994 3456 2784
3517 3046 964 898
1699 3208 2189 2012
4380 1471 1149 2909
2061 1615 354 176
2498 3716 610 416
2389 1183 3126 1713
2036 4692 2448 2612
1581 1926 2079 2129
1509 2076 3034 1619
4339 3415 657 1142
1650 1556 4082 1669
464 302 3414 1694
1795 2500 2273 1773
1496 1732 2311 1720
5164 3982 1794 1651
280 115 2084 3261
1461 1949 1808 2492
339 718 2382 4459
1295 1021 1908 4199
3034 2262 623 334
230 599 4314 1996
4589 2335 3709 1855
5404 3684 1920 2428
4883 3090 1284 1733
2928 3719 1167 911
3203 4189 1196 890
1498 1361 1493 3668
899 1890 1172 2535
1532 1034 2487 3825
3176 2541 1731 1565
1484 876 2454 2310
4130 3387 994 1528
3291 4853 3167 1676
771 1305 3529 1870
2000 815 2256 1416
5730 3919 1020 1340
1253 464 2875 2270
1999 2584 3001 1277
3653 2342 1704 1290
1443 2156 1805 1153
1871 1475 1940 1190
3398 6527 1226 1837
1189 2063 2616 2587
713 1791 3367 1781
705 746 2210 1821
2247 3457 1032 2672
2777 2175 470 523
1402 1343 2895 2046
1257 2410 222 110
1358 932 1777 2263
3682 5118 2014 1148
4404 1530 1886 843
5848 3085 1956 2988
1633 3269 3496 2075
1483 4061 501 666
1545 3047 1657 584
5274 4293 1977 1277
5445 1879 908 701
2162 728 4052 1685
403 536 5090 3346
3403 2664 1117 1649
2477 6474 1871 2005
4875 4116 1220 3266
3884 5518 2156 1558
3650 3943 1511 2141
1033 1125 2796 2876
2563 2746 2796 2131
2936 4067 2227 1818
2035 1094 3388 1224
2446 1202 1309 3033
1688 4964 1421 3661
4979 2494 617 397
2473 5760 1049 1421
1098 578 3944 2740
4243 2006 436 1055
5119 3385 3799 1928
1847 2539 3333 1549
2133 2622 548 725
5713 3811 241 570
3981 2629 2555 2024
1020 1178 2397 3305
3044 5332 738 1681
1254 3246 3536 1968
6828 2497 1842 944
1595 780 2409 1591
206 250 1812 4115
4186 2748 1360 902
2461 6873 2143 2450
914 1744 4860 1913
1838 4634 1352 587
5756 3332 486 1457
2014 1045 2655 2861
5504 3872 1109 1759
6745 3179 3477 1179
2744 1106 763 2104
2832 4711 999 2623
6034 2269 346 947
1176 977 2606 2758
695 1627 2635 1037
1744 1974 382 1029
365 997 2361 3398
3899 1626 1167 1215
2959 1544 697 584
5457 3921 2600 2345
656 689 1902 5508
4879 4595 3725 1791
574 431 3843 2569
717 420 4255 3215
1331 736 3383 1173
3866 2384 1584 1493
3777 4877 3031 2537
3461 3505 1894 3878
493 845 2654 4017
2420 2886 2033 818
810 1722 3290 2111
2760 1017 699 368
1219 2566 1987 1084
1309 2867 2622 1520
2484 3285 178 78
689 604 4235 2159
2044 5297 613 747
1323 1126 2658 1504
4919 4946 549 1536
503 278 4097 1918
1159 663 1346 3076
1120 2101 2680 1694
3006 4424 715 1685
4241 4745 2976 2741
1025 1189 1363 2436
4599 4226 1427 1496
1089 599 3177 2593
4729 1651 398 1012
2448 2469 1437 1009
2424 2497 491 512
2343 1094 2553 1223
672 1499 3051 4123
355 848 3133 4858
2617 2019 1180 615
1946 5197 2011 1666
4111 2461 1094 2064
1653 1700 4040 1894
2138 1899 2968 2624
126 363 3978 4060
1906 5198 251 597
1881 5092 1155 2080
1809 3000 3254 1698
6008 2834 576 1085
3575 3920 2472 919
836 1861 4748 1874
2805 2901 2554 1117
5102 4540 637 270
595 407 1948 2498
6868 3052 2824 1428
587 1612 2853 3157
2747 1247 2505 2311
4996 3641 1406 2272
3314 2881 1173 1035
4076 3593 491 485
2381 6503 2174 1657
2252 5684 1591 772
371 849 4880 2770
5087 1982 133 326
851 1056 2687 2744
5502 3467 3469 2340
2880 4871 499 1209
5507 2940 1755 2004
1602 639 4150 1941
6560 3079 1848 1038
4674 4345 2428 1322
2207 3920 3017 2796
2639 1100 1687 1472
1447 865 2656 2336
3300 5792 778 295
661 1376 2426 2316
4111 3405 2766 2122
2330 876 2229 985
2936 4823 2085 2444
5689 3169 2244 3461
2387 2317 1384 1131
360 388 2759 2559
4708 1795 2343 1847
959 2804 2412 894
2719 2874 3591 2171
2357 2565 2090 723
1878 1648 2461 957
896 787 2433 2015
3868 1944 1440 1537
543 281 4328 2731
335 388 2590 2869
2534 3062 516 966
5515 3934 1381 894
4716 4392 2068 845
6468 2918 2476 2822
1237 566 3474 2533
661 1199 3314 2314
984 733 3363 3750
3138 2521 3119 2135
1478 3303 4233 1569
1814 1242 4324 1708
2498 3722 2109 1037
210 219 2564 5936
4352 2232 2867 1768
1740 5160 791 728
2517 7252 1818 930
503 787 1290 3766
1147 3218 969 2398
6222 2845 3137 1996
2868 1350 3218 1873
2891 1007 271 104
4691 2284 1439 2007
2890 4227 2242 1713
5299 3354 690 782
768 265 1438 4134
6806 2715 1178 3536
4767 4021 1689 1331
1211 609 2740 3414
4694 1744 1181 1040
1740 1257 3549 2569
651 277 2376 4616
4412 3813 2030 1601
3994 1556 203 262
7065 2577 2136 1103
6328 2715 1568 613
6159 2244 1861 1912
6971 2563 1589 3055
3494 5698 1603 2834
617 1187 3696 1353
4207 4312 2543 2566
2989 2043 45 30
517 384 3320 3724
3167 3594 1929 2467
2045 855 2283 2180
3534 1856 2660 1555
1099 1873 3092 1084
5480 2434 1563 3580
142 332 3017 3361
5406 2606 2593 2579
3134 6249 594 1238
523 1162 2108 5253
1428 1921 2040 1543
1303 1219 2574 2121
1412 3254 1714 949
5250 2428 3744 1516
2648 3800 114 152
2961 4420 2028 2161
1456 2018 3228 1792
2258 1841 1885 2761
2393 1969 1138 1072
1070 3005 1603 1650
2759 1999 644 1621
1700 1617 1498 3543
159 314 3453 1916
2048 3170 2003 2858
5373 2831 52 59
669 257 4733 2537
3005 2116 336 323
1371 3314 1438 1145
1595 1941 1806 1438
198 346 2126 3356
3099 2127 140 96
5993 3237 1294 3426
3739 1964 251 124
1983 5588 3305 1108
3352 1943 3361 1794
1110 2607 856 1592
5122 1793 3504 1570
1829 1022 2533 2940
3674 4145 2457 1605
2163 3743 2476 938
560 805 2137 4516
2296 3253 1299 3651
1093 385 3831 2343
1934 716 1758 3174
3149 5635 952 917
1498 632 2346 2103
2427 2825 688 1010
1129 1135 1093 2957
2389 2705 11 13
5084 1867 515 1255
4844 4117 475 405
2546 6957 2106 1017
817 399 3966 2152
4418 5521 1487 3534
1008 2765 1824 954
2292 1272 976 2248
4674 5137 2091 2405
365 853 5231 2143
1810 3441 1009 863
621 770 5333 2542
2259 5033 2498 2369
849 1190 1907 2094
4012 1337 180 285
3705 2162 806 1256
4953 4452 1267 1869
712 1442 2658 2831
4144 3188 1193 1365
1451 3148 3766 1591
2067 854 1966 2151
1256 3277 1346 913
6335 2828 792 1032
910 378 1922 2941
3275 3926 1080 531
633 295 2683 1627
1251 909 1730 4843
1956 4595 1327 658
943 1201 2589 4247
3130 1838 2366 1155
2403 4984 2002 867
3911 1656 1254 1871
781 1200 3521 3231
214 552 1274 3572
1710 2119 2814 1903
4115 4731 683 333
2857 1322 195 156
4250 4565 2133 895
197 385 3479 3063
1066 2874 2561 1814
2107 5793 2394 1441
899 994 2433 3791
1337 1088 2912 1578
3606 1564 1073 1989
196 188 3323 2299
2729 2280 2082 1599
1629 1057 2766 4028
2417 2252 570 1094
3686 2104 1800 1723
244 455 4473 3383
871 1014 3401 3093
2088 3716 230 629
2188 885 2206 2294
1228 1948 4028 1567
2941 3058 1818 1629
431 1152 2082 2368
5394 3366 2622 1273
2467 5224 1516 1160
923 467 3945 2503
1926 3186 188 174
2403 5722 1653 891
2280 1116 2042 3484
2700 6114 2626 1018
2503 5810 1871 2173
356 253 3281 3319
3373 1764 4025 1421
4566 2389 1182 3502
2692 1518 2678 3139
2692 2747 378 418
2317 3750 1402 3628
804 375 5087 2788
1502 4029 1163 973
5504 3396 2750 1160
5725 2734 1339 2531
3768 1437 1289 1416
533 743 2135 5070
445 329 3428 1375
3252 2602 2164 2829
829 1335 3172 1731
1310 3706 397 461
2881 4588 2480 1911
1282 695 1934 2060
916 1703 4206 2336
2694 1104 441 1021
852 2240 3727 1571
3369 4619 1308 1835
227 540 2381 3647
597 1209 4062 2416
738 1922 2234 3130
1296 1324 2790 1984
1131 2743 2199 3041
3199 1843 1304 3262
3342 3130 1806 1633
2399 4515 1672 1694
1072 1355 2457 2106
2350 4189 1466 721
117 349 4407 1997
907 1913 2241 3800
1205 1900 3049 2323
6383 2263 1773 2373
4177 5533 2950 1233
3575 5427 59 110
3729 3041 1731 2281
1195 1757 1987 3109
6818 2753 2389 884
4530 2034 656 918
4250 3369 2260 1573
3739 5687 788 2220
6455 2705 822 357
3280 2952 1598 3329
2645 5632 2978 1301
5836 4149 401 459
3994 4390 1877 1514
1449 1687 2665 2045
2041 3251 3641 1646
2293 5725 749 1342
2034 1062 1144 2705
869 312 2335 5683
800 776 1925 2839
3492 4834 2238 801
424 355 4424 2048
2268 2222 1537 3513
4407 1471 1280 2945
1997 2421 2469 1029
857 1649 2001 2648
1349 1282 2085 1856
3405 4730 245 104
3691 1433 1377 2443
3659 4619 12 8
349 187 3654 1582
2756 3066 193 413
3041 5054 860 1178
1619 3575 300 611
4486 1825 1508 849
1305 2489 2073 1211
1126 1159 1828 2081
4869 4104 536 680
2417 4217 1968 2864
2329 4611 440 717
2838 4364 1185 1816
2791 4568 312 146
1878 4241 2239 3197
3691 1397 1511 4046
227 463 3107 3776
2304 6068 703 1298
542 1303 3590 3304
3035 1014 118 201
2815 3525 1528 1545
5586 3095 3392 1693
5123 2368 4073 1452
3035 1251 1259 1849
4155 3347 1066 1855
3402 1358 958 1062
2034 4371 1401 713
6759 3061 1275 3269
1083 751 3004 1936
2955 3606 43 34
4109 5652 2301 1187
2292 1532 3318 2155
3779 2264 1774 1109
734 397 2870 3773
3472 1319 1267 423
2484 870 1050 2402
2726 5349 1498 1693
4597 1660 872 2168
4197 3237 1536 756
1637 2172 2515 1412
1340 1673 2487 3273
1866 1110 2339 4036
1739 2043 1650 1833
1194 662 4785 2495
1342 2448 381 933
2668 1025 676 401
2455 5260 2793 2030
2811 3556 969 1917
5961 1989 2477 1037
2374 2344 1014 2742
2745 4704 255 431
308 397 2332 4547
5326 4099 517 1505
3621 2233 958 2648
1727 3423 1267 1045
1137 3211 1796 3080
551 1010 3293 1538
213 560 2298 2356
4007 3216 3514 1422
1277 2117 2558 1125
1047 375 3951 4018
3407 6425 1604 4194
1711 1620 2985 1224
689 582 1600 3047
3346 6225 623 293
5508 3450 757 2209
1676 1871 2717 2456
6027 2793 1931 1606
2610 5072 1861 817
1893 740 1163 3264
6538 3224 1472 2347
5200 2375 3238 2121
5422 2429 1503 815
495 829 1827 2633
711 952 3282 4413
3100 4541 1718 1927
2503 932 3627 1816
1898 4814 87 108
3476 5419 939 2406
1960 1291 2170 1444
3713 1350 2785 2528
4615 2694 1070 2099
2476 4315 531 424
1672 1268 1223 3364
1076 2139 2597 2716
2169 5804 586 776
5205 4763 2405 2292
685 1719 2741 2665
6719 2705 34 28
2874 6866 1860 2702
2065 778 1714 3654
2467 1884 16 45
3136 1730 1649 2242
1360 1355 4122 1972
348 229 3820 1922
1646 830 1346 3819
2065 6011 576 319
1771 3064 2872 1960
2327 3068 1605 1359
4665 2484 1357 2716
4058 2145 124 98
571 307 5376 2870
3994 2898 257 660
3447 5899 1521 3256
696 1772 3523 2537
3607 3088 659 427
4627 2143 1707 1558
3563 2703 1848 1612
5417 2347 3003 1819
1996 5957 592 1085
203 395 2465 4786
3538 2266 475 341
491 788 2328 2056
4698 2920 2036 2541
4097 4300 1202 1064
4834 3453 1566 3049
1785 1217 2134 3081
1931 4027 713 302
4959 2224 1235 3212
2883 4698 1368 3512
3906 4873 2127 1043
1729 2446 2137 1897
4095 5558 393 482
2384 3795 247 155
2753 5510 1249 554
1264 1387 3385 1709
641 1415 2348 2011
2500 7483 289 367
845 520 1870 4302
1894 2839 1387 2179
2966 6245 629 1575
3231 2143 2927 1155
4744 4701 2315 2481
3714 2657 999 1648
981 1999 2807 1542
380 466 1817 5084
4589 2360 699 514
2449 1402 486 170
1392 1996 2050 1754
5505 2940 401 299
5095 2354 2933 2291
2479 1897 916 1275
5646 2938 2259 839
3318 4630 649 727
1638 1337 2867 1698
3951 5114 1238 1487
788 1387 1491 2935
3112 2948 845 737
1919 4381 2836 976
1999 3378 1726 3119
5920 2378 1652 597
4737 2574 1458 965
4540 2798 907 1195
140 306 2364 4218
6780 3063 1665 709
2251 2399 2112 1907
3155 4790 2115 1438
2844 6453 77 138
2672 6917 607 1748
2961 1233 2741 2617
1654 2404 154 180
1409 799 4637 2192