50 268 11627
19 64 406 141 210 127 271 8 217 130 128 99 136 183 488 331 386 17 452 433 176 407 414 174 140 21 325 263 400 268 170 183 146 482 275 368 14 95 78 302 124 1 339 449 99 110 399 302 11 119
50 242 3064
241 431 217 442 481 52 416 458 424 331 156 153 222 184 332 412 428 144 231 33 335 329 151 57 242 69 451 201 207 453 409 25 451 279 220 3 348 173 321 38 244 289 122 121 258 224 400 400 490 484
50 150 13571
314 433 217 295 150 191 392 438 414 12 192 5 251 388 270 415 30 280 393 350 102 409 141 375 439 449 237 50 292 326 267 327 486 40 251 38 391 167 277 224 198 141 89 28 191 305 460 443 197 250
50 461 7198
35 333 137 490 330 338 242 180 349 235 307 454 341 498 225 397 460 102 357 275 401 119 449 375 412 223 76 265 27 328 469 344 59 1 326 20 167 119 18 191 220 213 431 313 278 279 72 163 234 393
50 13 452
495 157 456 236 176 483 191 317 197 196 231 462 149 211 397 318 361 142 177 122 254 14 196 41 17 365 20 174 123 422 441 341 309 155 131 23 282 440 203 209 409 105 158 31 281 161 359 195 163 448
50 499 11136
100 113 212 394 325 44 246 221 27 54 367 76 47 218 448 334 498 290 88 223 27 411 8 230 115 491 223 353 290 429 435 254 399 341 315 447 187 227 297 98 409 177 116 324 73 67 371 481 200 211
50 41 7070
405 236 417 245 131 26 34 367 429 19 28 297 296 416 332 390 16 351 425 374 455 14 71 120 212 401 387 248 117 230 70 162 496 325 450 177 271 41 40 185 43 31 266 472 211 384 149 111 204 363
50 256 4285
489 388 18 255 13 150 362 402 386 122 148 72 120 416 185 413 440 90 146 158 395 69 281 396 41 272 341 57 248 95 183 300 356 227 254 279 416 15 1 11 10 362 354 266 106 53 170 281 429 94
50 205 7432
485 191 49 37 261 48 124 435 293 233 420 145 305 387 490 48 50 497 204 205 75 110 239 185 243 32 242 433 174 244 159 209 280 149 483 390 241 311 461 70 76 321 397 55 225 439 230 487 343 289
50 50 9597
337 396 187 42 473 357 452 283 387 157 159 386 443 336 466 257 244 49 59 448 60 475 499 35 421 349 454 494 258 331 407 279 268 205 93 447 144 161 467 123 277 67 130 374 419 467 481 235 434 165
50 147 12093
147 85 399 175 154 7 424 259 222 414 194 395 183 395 163 186 214 479 58 100 53 214 278 72 68 129 338 185 384 164 319 259 315 101 404 90 107 291 31 342 324 270 448 270 312 63 210 395 95 365
50 40 2688
389 486 115 232 437 446 326 495 15 242 211 496 387 119 15 383 18 456 179 258 148 101 435 147 354 156 126 228 454 377 147 29 87 116 173 299 372 45 457 421 167 124 229 226 290 112 46 39 218 273
50 54 5406
445 377 198 1 68 267 86 178 41 125 444 421 377 10 370 188 207 122 151 270 267 495 42 345 51 486 53 299 85 21 219 488 322 307 481 400 180 65 411 128 184 497 249 434 207 157 287 361 497 315
50 11 16774
358 395 289 257 439 359 160 361 329 321 20 406 376 288 416 289 40 356 490 400 446 446 495 80 320 326 275 430 498 383 254 251 258 307 391 365 421 361 497 486 425 338 364 10 289 469 337 255 338 299
50 12 9313
299 286 273 11 479 134 282 60 487 166 441 16 402 148 168 308 262 423 1 178 86 330 197 464 116 318 119 116 349 58 228 486 115 500 305 448 224 64 37 263 347 190 170 84 224 130 343 456 144 16
50 258 5541
303 352 28 315 373 488 444 384 63 408 465 364 151 271 128 217 209 236 232 491 481 455 92 403 26 209 48 443 297 379 217 462 272 262 127 397 397 6 149 343 163 465 353 147 467 430 301 251 257 61
50 152 2047
500 259 465 61 288 386 189 87 346 126 107 138 298 223 256 470 30 457 432 182 368 233 155 60 151 351 383 351 443 457 5 225 232 498 494 311 203 273 473 161 300 28 54 225 350 368 245 91 165 496
50 239 13274
380 480 331 237 45 435 453 207 372 17 3 495 422 25 240 325 96 363 339 495 238 338 139 216 245 304 18 170 222 468 491 65 156 315 376 496 332 456 170 378 199 436 256 495 259 326 205 141 248 120
50 84 4664
39 109 289 326 107 1 91 224 438 422 366 247 246 403 126 26 490 205 133 255 354 494 441 140 382 444 401 153 295 380 91 178 479 304 498 178 63 467 279 288 204 182 83 173 158 179 468 399 328 49
50 462 7884
129 204 151 166 349 327 469 331 398 408 184 40 461 281 209 87 12 297 285 55 326 394 122 303 471 257 219 26 448 129 277 289 403 295 83 244 196 141 200 348 411 13 183 474 63 106 234 359 76 370