301 918
865 524
203 782
11 280
697 207
427 671
726 865
798 696
111 778
576 321
118 232
558 414
974 256
170 853
886 400
960 833
518 282
13 352
380 844
597 360
441 537
470 735
919 200
683 51
422 959
104 315
423 44
176 985
231 325
566 765
871 893
757 308
808 789
712 946
909 972
89 725
973 818
78 599
635 875
860 422
768 950
487 131
156 677
229 401
7 88
115 542
408 888
638 455
393 267
380 748
366 644
252 367
878 196
797 14
104 514
795 100
925 184
935 190
573 397
493 798
341 500
810 419
45 671
703 302
352 742
737 358
248 248
435 132
110 361
296 116
716 341
253 975
311 57
898 979
207 788
174 766
327 551
101 202
565 984
522 754
6 52
96 154
754 20
107 836
813 985
687 387
618 963
806 845
221 978
721 785
202 556
906 682
254 648
280 107
927 132
891 297
240 729
101 709
907 406
94 607
3 407
819 987
716 404
579 171
197 159
835 95
155 192
748 325
45 648
182 65
744 969
47 906
112 541
18 308
810 873
394 92
119 465
508 181
438 477
277 776
330 59
714 123
237 77
802 333
166 614
352 774
136 836
34 616
468 810
176 634
643 959
912 133
729 3
872 62
521 644
478 585
309 275
472 669
453 842
305 478
349 444
524 186
774 368
882 388
941 499
161 943
718 611
714 430
706 941
729 553
362 770
693 567
774 288
773 634
397 447
378 699
572 735
273 814
498 846
919 53
555 591
459 118
926 872
342 9
416 902
592 565
313 728
425 582
696 512
196 421
118 340
723 484
891 172
350 229
844 835
277 378
132 195
595 662
689 764
317 555
531 82
677 385
911 393
807 378
651 472
985 296
141 570
11 327
933 242
151 954
5 576